4 0.277778 0.5181 0.364341 0.710407
4 0.812661 0.350679 0.235142 0.59276
4 0.277778 0.5181 0.364341 0.710407
4 0.812661 0.350679 0.235142 0.59276
4 0.277778 0.5181 0.364341 0.710407
4 0.812661 0.350679 0.235142 0.59276
4 0.277778 0.5181 0.364341 0.710407
4 0.812661 0.350679 0.235142 0.59276
4 0.277778 0.5181 0.364341 0.710407
4 0.812661 0.350679 0.235142 0.59276
4 0.277778 0.5181 0.364341 0.710407
4 0.812661 0.350679 0.235142 0.59276
4 0.277778 0.5181 0.364341 0.710407
4 0.812661 0.350679 0.235142 0.59276
4 0.277778 0.5181 0.364341 0.710407
4 0.812661 0.350679 0.235142 0.59276
4 0.277778 0.5181 0.364341 0.710407
4 0.812661 0.350679 0.235142 0.59276
4 0.277778 0.5181 0.364341 0.710407
4 0.812661 0.350679 0.235142 0.59276
4 0.277778 0.5181 0.364341 0.710407
4 0.812661 0.350679 0.235142 0.59276
4 0.277778 0.5181 0.364341 0.710407
4 0.812661 0.350679 0.235142 0.59276
4 0.277778 0.5181 0.364341 0.710407
4 0.812661 0.350679 0.235142 0.59276
4 0.277778 0.5181 0.364341 0.710407
4 0.812661 0.350679 0.235142 0.59276
4 0.277778 0.5181 0.364341 0.710407
4 0.812661 0.350679 0.235142 0.59276
4 0.277778 0.5181 0.364341 0.710407
4 0.812661 0.350679 0.235142 0.59276
4 0.277778 0.5181 0.364341 0.710407
4 0.812661 0.350679 0.235142 0.59276
4 0.277778 0.5181 0.364341 0.710407
4 0.812661 0.350679 0.235142 0.59276
4 0.277778 0.5181 0.364341 0.710407
4 0.812661 0.350679 0.235142 0.59276
4 0.277778 0.5181 0.364341 0.710407
4 0.812661 0.350679 0.235142 0.59276
4 0.277778 0.5181 0.364341 0.710407
4 0.812661 0.350679 0.235142 0.59276
4 0.277778 0.5181 0.364341 0.710407
4 0.812661 0.350679 0.235142 0.59276
